29	153	580	394	67	84
29	158	570	370	77	109
29	163	568	351	78	127
29	168	569	333	75	144
29	173	569	318	82	143
29	178	569	296	83	144
29	183	570	284	88	144
29	188	574	261	87	145
29	193	477	434	64	44
29	193	582	241	84	142
29	198	314	453	131	25
29	198	451	430	83	49
29	198	580	220	81	142
29	203	317	453	127	25
29	203	460	429	87	51
29	203	580	208	92	155
29	203	591	215	86	141
29	208	324	462	128	18
29	208	473	440	80	39
29	208	599	223	82	138
29	213	321	454	139	25
29	213	465	428	95	51
29	213	605	203	93	149
29	218	320	417	141	62
29	218	469	390	91	87
29	218	607	166	92	150
29	223	319	376	147	65
29	223	468	351	101	110
29	223	609	116	92	151
29	228	316	339	144	70
29	228	467	320	92	109
29	228	605	83	90	144
29	233	311	322	141	63
29	233	455	298	96	111
29	233	537	393	86	85
29	233	600	53	87	142
29	233	603	382	74	96
29	238	307	293	148	70
29	238	451	273	100	112
29	238	537	367	102	111
29	238	595	25	91	143
29	238	608	348	72	132
29	243	307	263	146	71
29	243	458	248	91	108
29	243	539	334	110	142
29	243	598	6	91	132
29	243	610	326	69	135
29	248	307	243	148	69
29	248	460	226	88	101
29	248	538	311	103	141
29	248	593	1	93	107
29	248	610	300	69	136
29	253	296	217	145	67
29	253	447	198	89	102
29	253	532	282	103	142
29	253	582	1	87	78
29	253	605	279	65	128
29	258	294	185	143	69
29	258	449	169	80	112
29	258	524	242	106	148
29	258	595	241	77	134
29	263	294	151	142	66
29	263	445	134	89	103
29	263	523	210	111	146
29	263	597	206	70	141
29	268	300	122	145	68
29	268	450	104	88	112
29	268	514	369	71	108
29	268	534	184	106	139
29	268	605	374	63	104
29	268	609	174	70	136
29	273	305	101	143	63
29	273	459	82	84	103
29	273	521	348	70	117
29	273	535	161	111	136
29	273	610	353	61	105
29	273	613	150	68	137
29	278	304	85	146	61
29	278	470	67	80	104
29	278	518	322	72	127
29	278	540	138	105	133
29	278	610	335	70	112
29	278	617	136	71	134
29	283	307	67	143	63
29	283	468	65	84	92
29	283	525	315	69	124
29	283	536	116	110	139
29	283	608	318	69	109
29	283	619	115	66	130
29	288	308	48	134	60
29	288	461	34	81	103
29	288	525	287	71	128
29	288	536	101	109	136
29	288	610	94	72	133
29	288	612	293	62	114
29	293	309	29	143	53
29	293	465	19	86	96
29	293	526	263	74	128
29	293	537	66	111	140
29	293	615	66	72	137
29	293	616	280	56	108
29	298	304	5	137	54
29	298	456	2	75	81
29	298	467	379	96	99
29	298	533	38	114	140
29	298	569	380	83	98
29	298	611	52	66	126
29	298	654	374	65	105
29	303	449	4	74	60
29	303	464	357	95	120
29	303	524	18	119	135
29	303	564	355	84	124
29	303	602	18	79	137
29	303	655	363	62	114
29	308	465	325	94	154
29	308	533	7	109	117
29	308	560	332	89	142
29	308	606	198	60	112
29	308	616	5	64	125
29	308	652	324	66	153
29	313	466	300	99	156
29	313	509	158	73	133
29	313	521	0	107	95
29	313	557	299	97	155
29	313	607	184	56	99
29	313	652	297	66	154
29	318	460	285	91	147
29	318	506	151	72	119
29	318	508	1	114	77
29	318	548	278	91	151
29	318	594	158	61	110
29	318	643	273	75	154
29	323	449	256	95	163
29	323	494	126	73	130
29	323	498	0	117	60
29	323	547	253	88	159
29	323	590	146	57	103
29	323	631	257	87	153
29	328	445	234	97	155
29	328	491	105	78	124
29	328	542	234	85	152
29	328	582	125	66	101
29	328	630	232	87	150
29	333	450	219	99	158
29	333	462	95	71	129
29	333	546	221	88	148
29	333	582	110	67	110
29	333	629	212	87	155
29	338	436	209	102	152
29	338	485	90	81	118
29	338	536	212	83	144
29	338	577	98	59	108
29	338	621	198	86	157
29	343	444	220	93	154
29	343	489	100	74	118
29	343	532	216	93	153
29	343	572	108	70	109
29	343	620	214	84	155
29	348	399	253	99	157
29	348	459	146	56	105
29	348	490	248	87	152
29	348	538	149	63	103
29	348	581	249	79	155
29	353	355	297	99	153
29	353	416	168	68	130
29	353	433	2	98	107
29	353	460	299	81	153
29	353	508	195	54	96
29	353	544	292	78	153
29	358	380	298	100	151
29	358	436	174	76	129
29	358	444	0	113	107
29	358	479	299	87	150
29	358	522	194	61	95
29	358	562	298	78	150
29	363	441	289	92	153
29	363	487	172	76	115
29	363	504	0	110	99
29	363	532	286	89	151
29	363	580	177	58	105
29	363	619	282	83	154
29	368	488	280	99	154
29	368	533	152	83	128
29	368	555	2	106	85
29	368	589	279	86	155
29	368	629	171	62	101
29	368	675	270	43	155
29	373	531	273	91	152
29	373	572	151	78	118
29	373	585	0	114	77
29	373	625	274	80	152
29	373	673	168	44	103
29	378	550	260	97	159
29	378	605	2	111	70
29	378	605	149	71	118
29	378	643	263	74	154
29	378	689	157	29	105
29	383	556	259	100	159
29	383	603	142	71	117
29	383	612	0	105	68
29	383	652	261	65	150
29	388	561	266	95	152
29	388	610	0	108	70
29	388	611	146	67	115
29	388	650	260	69	152
29	393	557	253	103	154
29	393	608	130	70	123
29	393	616	0	103	63
29	393	659	250	57	153
29	398	559	247	101	155
29	398	611	126	69	123
29	398	614	2	100	57
29	398	654	247	64	149
29	508	617	396	87	82
29	513	609	378	84	101
29	518	610	370	88	108
29	523	611	365	89	113
29	528	623	354	86	124
29	533	634	344	84	134
29	538	636	320	81	150
29	543	652	277	67	150
29	548	651	248	65	150
29	553	530	443	77	36
29	553	651	234	68	147
29	558	376	457	131	21
29	558	523	428	92	50
29	558	659	216	59	146
29	563	377	444	139	34
29	563	518	411	104	66
29	563	664	197	56	147
29	568	373	433	150	46
29	568	520	400	105	78
29	568	661	181	54	148
29	573	376	413	151	65
29	573	523	380	106	97
29	573	659	154	59	144
29	578	390	404	149	66
29	578	534	369	107	109
29	578	660	139	60	140
29	583	402	403	155	65
29	583	552	368	106	110
29	583	678	132	39	147
29	588	411	405	152	63
29	588	558	359	108	120
29	593	415	401	151	68
29	593	554	360	117	118
29	598	404	402	160	70
29	598	559	363	109	116
29	603	390	403	157	68
29	603	547	362	108	116
29	608	370	401	158	71
29	608	530	366	106	112
29	608	639	124	80	149
29	613	342	403	164	74
29	613	495	363	117	115
29	613	636	113	81	156
29	618	323	399	160	72
29	618	479	366	118	111
29	618	622	103	95	165
29	623	310	386	152	87
29	623	462	355	113	123
29	623	594	88	101	166
29	628	285	380	157	71
29	628	442	353	116	120
29	628	576	74	101	168
29	633	274	371	155	71
29	633	438	341	112	126
29	633	567	70	100	161
29	638	275	359	158	71
29	638	437	331	110	128
29	638	569	51	100	165
29	643	278	337	164	66
29	643	443	310	106	119
29	643	530	407	86	71
29	643	575	24	95	168
29	643	601	388	87	90
29	648	280	310	159	72
29	648	446	284	108	119
29	648	533	383	108	95
29	648	573	0	103	164
29	648	610	357	81	120
29	653	294	283	156	71
29	653	457	255	106	117
29	653	543	346	107	131
29	653	584	2	98	125
29	653	625	330	81	145
29	658	306	262	157	72
29	658	469	233	103	117
29	658	551	319	119	161
29	658	594	0	97	92
29	658	637	313	76	148
29	663	306	238	156	79
29	663	468	211	112	121
29	663	553	305	121	154
29	663	600	0	96	79
29	663	634	289	81	153
29	668	319	214	156	71
29	668	481	183	103	119
29	668	566	270	117	163
29	668	652	259	65	151
29	673	323	196	158	73
29	673	486	166	101	123
29	673	569	260	123	156
29	673	653	247	64	146
29	678	328	182	157	75
29	678	484	154	111	117
29	678	576	240	122	157
29	678	649	228	69	151
29	683	337	169	155	75
29	683	500	142	95	114
29	683	585	222	127	162
29	688	344	157	158	77
29	688	503	129	105	114
29	688	591	207	126	164
29	693	357	150	155	75
29	693	526	126	95	112
29	693	595	394	70	83
29	693	603	200	115	161
29	698	374	140	153	74
29	698	536	111	101	119
29	698	609	389	72	89
29	698	615	197	102	161
29	703	372	136	155	72
29	703	542	106	89	117
29	703	606	376	82	100
29	703	617	186	102	162
29	708	371	117	157	73
29	708	534	92	103	118
29	708	608	361	87	116
29	708	618	169	100	158
29	713	374	88	154	74
29	713	530	64	106	114
29	713	615	335	84	140
29	713	617	141	101	153
29	718	371	77	160	68
29	718	548	54	89	114
29	718	617	320	76	145
29	718	622	129	96	147
29	723	381	72	149	65
29	723	545	44	91	123
29	723	615	315	82	151
29	723	618	122	99	150
29	728	372	44	155	72
29	728	536	26	93	113
29	728	609	291	80	145
29	728	621	95	95	155
29	733	368	9	153	54
29	733	530	3	94	93
29	733	609	251	79	149
29	733	616	39	101	161
29	738	579	361	96	118
29	738	611	0	101	136
29	738	614	196	80	147
29	738	662	341	57	137
29	743	567	319	103	157
29	743	607	150	79	145
29	743	610	0	107	88
29	743	660	308	60	170
29	748	562	288	105	170
29	748	606	122	82	143
29	748	609	0	109	61
29	748	664	281	56	174
29	753	571	275	102	171
29	753	605	109	81	146
29	753	671	272	47	166
29	758	577	271	106	169
29	758	620	106	78	140
29	758	680	260	40	172
29	763	576	241	98	173
29	763	621	73	72	150
29	763	677	238	41	170
29	768	587	201	104	173
29	768	611	31	88	146
29	773	592	203	101	173
29	773	625	30	79	150
29	778	562	198	103	174
29	778	607	27	77	160
29	778	667	190	49	174
29	783	566	147	102	170
29	783	607	1	77	127
29	783	664	142	53	166
29	788	552	83	108	189
29	788	594	0	87	77
29	788	667	86	52	175
29	793	538	89	105	175
29	793	575	1	84	66
29	793	639	79	80	169
29	798	546	96	95	167
29	798	576	1	81	72
29	798	639	89	79	171
29	803	536	82	102	177
29	803	571	1	84	66
29	803	637	82	80	170
29	808	537	111	103	168
29	808	578	0	85	93
29	808	638	107	80	171
29	813	528	137	102	171
29	813	573	3	79	118
29	813	626	132	92	172
29	818	529	165	102	171
29	818	574	4	83	142
29	818	628	164	90	175
29	823	515	173	101	169
29	823	559	11	81	140
29	823	618	170	86	178
29	823	667	22	53	128
29	828	483	188	103	175
29	828	538	20	82	152
29	828	592	184	90	175
29	828	644	37	61	127
29	833	465	201	99	178
29	833	511	35	82	144
29	833	564	199	98	174
29	833	621	47	63	114
29	833	659	192	59	170
29	838	436	209	101	173
29	838	498	43	77	143
29	838	540	203	90	178
29	838	602	54	67	123
29	838	636	198	84	175
29	843	406	216	99	172
29	843	474	51	79	141
29	843	517	209	87	175
29	843	578	71	61	108
29	843	612	207	87	173
29	848	382	218	105	176
29	848	454	58	75	141
29	848	490	215	92	176
29	848	557	70	64	109
29	848	585	212	94	171
29	853	377	227	96	165
29	853	434	57	85	147
29	853	471	222	93	171
29	853	535	74	70	114
29	853	565	217	91	168
29	858	365	232	102	171
29	858	428	64	84	144
29	858	467	227	93	173
29	858	528	75	75	123
29	858	560	221	96	176
29	863	366	235	94	170
29	863	422	67	85	136
29	863	466	235	90	171
29	863	528	75	64	128
29	863	557	226	92	171
29	864	368	235	97	170
29	864	425	66	80	142
29	864	462	224	95	176
29	864	533	82	64	110
29	864	561	221	93	168
